43007731776190915332600523216783904500462036483440541841847057201336567427946004137348206578935074836328990367055782733574396667671682452987924443256571850835149622391858651313130999326155031589629248800251353813479675744171486485848530869534496011024974938734238172389572742024236189149221179043596078349839598654810752809636511445437367451968833342054351568588741316635042591488378391026504686196768482486076443801585348087513389566753624799004357081119076061675749851878606104948684345336163597727
95661790893133015804378778028986143250899486699414453860993947559994543264038204387185361906059341497514499047782999167910252520013106104666362692246970994049962473148227355628767041459659333804705649973505115312033618918548161738038153090187829950264852784359618239333177956808774501323621118029085589684162895380944061445704137516076497441332053670934190250927548937145943238910457483321414991937330147868326530571506716065063276130017441342625109416920702105507661053018899958724231789876506612411
63913470331194019079480581229228872046359761921209922674750608683320447177527673682852153711917956088999916567776007907430485745542339817520458417525117945646249640693877630245946904298117326167434367978461464950411768343246867014210221198850568754184117359280591818223359220894397960626525227568323338350972243991784835613581237712442271597251156183123340654545673355320928425961979294331313500644526520194044645659267995646915401049789811161684242907924620429961771985058361300498382576254190480703
85741985250119529269755997103912807167712617090145656454517547908999958123648535227976881892424736918555058889540097146184412265962018739532554533092387625604110503613215226141097791246391158001539916241507332664759098657224630513433385134328856014512046702217910970969771365410239307916126952856919886405870860407752105333138559372859551690905806248074208426727721921066455222907445052148566594303079567824969435561853470679962674302416920477409038684759658416701095531823805857795923590433140343648
62268752902224359144826758934900160387326596156888801053382004998326743371834131129457974468846253622226178565292711587850550347022948722272921406117023972638600874646459590783978781507805677266179700464985859381513226852880230153252839678050583850079611676528826037725049138069683741126209518964149810517696167250970517240349402364313192316701105392843769021677336702181203000789759066498662208809938712639751507516193903548656379142941778043089118808239892600148505526285927852961041854328554047030
27853957437609050323676371160826576195929464879516515958407004956518754459009728837843503557568585633992860651126449112480251854832670564407177917829387990729332688321297089330992208993726326993130464497393990241047002108236724686313963239738930450816976961414801556977272431204493084961005512100032977258293280656788019951261682922231885969443674947667719843484743000842579174786514979105408333627219390744843903566311108902266241411438431801195815338736627984162125820538263019257315463300083554909
89712510605552290084077732495708492421180567763321814817864070371274975477487424592923037618225613138060960743118501273853300115856787356250558920406817144494895685043568267376206168045192885016167347761252093658162453062220472308687125924673084152140513814329999154054143949987955683498325826896909412172856262417285914444082105130057169728821459907058093223785182399273528111507952530472537815103114382507830557681667995867529207110671825442234315858270579663865856657654490867899427479263957944418
35882741743017044761451600633522986469547395922329332146326972013396194664982012738762376038809849442483466909829148737199175972356060311822192412205820796174033885847989624905486502431353651838466412501575972870142101722359181501779023510054759981789682410478639418712904457130580334096102069799298863882191017013448086208422114575660975562753762830053074707307840032134388332065142759440522818756797038936238742737857891330674319865134560897919201004576447662714670589464152991687257196378886488258
83413400972991484760208299668480080285086259378868675544269250740944268677476457117299030716482073356547771598274205797083940531952090799373722014320356960150602337483449810390186308638759264830983846691525227695335788919556635978515371138533974392243030939283773074158426291242745467103730380222430578889896707765659451054884491958006816627719357633977654121160607599195262715569948861700147508230807030987858354847759366834908974811930332424550262669895606049901930219830107836146243749104860711897
13983748612044571804247838955992028546776033625712810020603360710203164936542875864300858934452373942655175087087487075416736364477627514672881915216377501251515959545299199532294848033293747165371907041210154713114134448049244959266119128092152758919639399036529517593494800257678356984284180271842802197478211712193794654080340141138715127007522911627627706126251573235168047457593646361037440635081383579411517758938030808992944807690771034681992135009054411575751031025149148143563417838758507134
6270192650277238470481611428029221965893507435967672517820611983759003213640950949637162135044473066183722745296592764080990247807089967528248015396883861080362862869354481204235518450623934227977751022521078894194871921406608906390822912678931093321
7498717323943702147553529404535148558241964325956863350143435658472935844088252922122736953956710414436176975581620936078827727938505604593201083444023574079746109202486981226190795406229860090115576173159654711638158522983155772499041457498741990664
9903843621384213009637475170948693146324241176505588894369584438721829974589548236394783513389167271641975439823434305337374628080257662227883005431476194336939991792712962511370539753621239563354377422784176444716983245177787426973044637599050112992
9317057388875064661582439018649666260828082495241391402491387879698412889523278318127054849010899969776060768310089657882044842642316376384447034506218175697580838415342244365943321845197701108303312325885474155968292989472334386879193939553808089690
6843936307923626941753561037340938979348767491437782545551311593581545066594581345783550369698118276996707058434899232904301075295628847958952156243711008885696679215269576187404049976267469740596410039927515679095868780728147363504993881427811959467
7517164386498268822439109862580532260866874272116166205392747389061621363153695877505980264216385349006758041221783413320121424222560406164149011722896544903697581279950751331046957772263090231310077471497814892943219476058106945233327061290334952520
9921253426647730819129322128435378500345823443117280169559769103068719034866160306157119840871698138271017681959032002549343121813917750972153470594208383559047326702537013034972144500849051526943339566060018642012067231696470037466603652359048789328
3721885161792510381791469377084736723606092109811373428959028637393257550945093650516968503337937059653720749770379894339895805923301138452660409205974986456864443322328263003862750947288816318186693739668335035159033515408469146416515132183303299251
9308510156148516868419236033569777870139413740783890908681611682979895717810765769229884054644327834419963254611329875991121290037120569944245133307926865387080016039345329576126324058722965873709870173326560094659359822142673377550705388131741317507
8037584766146823955381826527954965977454716304639092776808195592509329876309813329157021801436098363985848838090526956798921236377418095249906717086403085209641937543902444989519086544173111555152239129593960744665287895201618433697721068628225544234
60443847614440793668600529584833364405989760030219
53138235564323042186519415976993329800037154297377
82722316495808980492140631323662866266008968612194
77825154863809549914441955513593080973825907877543
61436779628202305982000269648269923493050809162937
53804305021602840963642023569909102999231989396322
41458922841080519106538163227894399581113712952678
17867228563642221758247553641746115641677727832810
89447361274401865936784412034001261315176917726901
82356657031551939104796450274437659084454949703664
85659356644886222274329300628878410
71174869285428569289166159529439427
79872037603746346379388736536114546
85903286223833132418957713867524847
45808115507765474004671775350175835
38106982669153752982231051125070180
92993943260730483072316351394054525
50693503842728999018534002060916542
83299355177962831962826346264771128
74977004863596952179232422832039338
2172005190671098652104855
9018615329869623264402281
6829389789727336855771919
9924506451808039341099987
7820749909232626934950248
9809686137498200691912623
7562871853940183992937260
2617307203666867383600898
9813436802126942464577174
6801700761330136966898946
968060870777182
847184437729460
989543365222245
826502225224389
747739939461197
602292328890181
978987589969732
587591507789788
400607837902525
92640719550815
4680697586055202150481010
4680697586055202150481010
4680697586055202150481010
9948721939715186350856986
9948721939715186350856986
9948721939715186350856986
5585471942673928340553107
5585471942673928340553107
5585471942673928340553107
9999999999999999999999999
90195
54223
16797
98256
69615
42800
46121
90796
92999
34945
309
286
305
236
191
217
184
143
280
191
17
27
18
26
30
11
16
19
17
27
1
1
1
2
2
2
2
2
3
3
nan
nan
nan
nan
nan
nan
nan
nan
nan
nan
nan
nan
nan
nan
nan
nan
nan
nan
nan
nan
nan
nan
nan
nan
nan
nan
nan
nan
nan
nan
nan
nan
nan
nan
nan
nan
nan
nan
nan
nan
nan
nan
nan
nan
nan
nan
nan
nan
nan
nan
nan
nan
nan
nan
nan
nan
nan
nan
nan
nan
nan
nan
nan
nan
nan
nan
nan
nan
nan
nan
nan
nan
nan
nan
nan
nan
nan
nan
nan
nan
nan
nan
nan
nan
nan
nan
nan
nan
nan
nan
nan
nan
nan
nan
nan
nan
nan
nan
nan
nan
nan
nan
nan
nan
nan
nan
nan
nan
nan
nan
0
